0 1
1 1
2 0
3 1
4 1
5 1
6 0
7 0
8 0
9 1
10 0
11 0
12 0
13 0
14 0
15 1
16 1
17 1
18 0
19 1
20 0
21 1
22 0
23 1
24 1
25 1
26 0
27 1
28 0
29 0
30 0
31 0
32 0
33 0
34 0
35 1
36 0
37 1
38 1
39 0
40 1
41 0
42 1
43 0
44 1
45 0
46 1
47 0
48 0
49 0
50 0
51 0
52 1
53 1
54 0
55 1
56 1
57 1
58 1
59 1
60 1
61 0
62 0
63 0
64 1
65 0
66 1
67 0
68 1
69 0
70 1
71 1
72 1
73 0
74 1
75 1
76 0
77 0
78 1
79 1
80 0
81 0
82 0
83 1
84 0
85 1
86 0
87 1
88 1
89 1
90 0
91 1
92 1
93 1
94 0
95 0
96 0
97 1
98 0
99 1
100 1
101 1
102 1
103 0
104 0
105 0
106 1
107 0
108 1
109 1
110 1
111 0
112 0
113 1
114 0
115 0
116 0
117 1
118 0
119 0
120 1
121 0
122 0
123 0
124 1
125 0
126 0
127 1
128 1
129 0
130 1
131 0
132 1
133 0
134 0
135 1
136 1
137 0
138 1
139 0
140 1
141 1
142 0
143 0
144 0
145 0
146 0
147 0
148 1
149 0
150 0
151 1
152 0
153 0
154 0
155 0
156 0
157 1
158 1
159 0
160 0
161 1
162 0
163 0
164 0
165 1
166 1
167 1
168 0
169 0
170 1
171 0
172 1
173 1
174 1
175 1
176 1
177 1
178 0
179 0
180 1
181 0
182 0
183 0
184 0
185 0
186 1
187 1
188 0
189 0
190 0
191 1
192 1
193 1
194 1
195 0
196 1
197 0
198 0
199 0
200 1
201 1
202 0
203 0
204 0
205 0
206 0
207 0
208 1
209 1
210 1
211 0
212 1
213 1
214 0
215 1
216 1
217 1
218 1
219 0
220 1
221 1
222 0
223 0
224 1
225 1
226 0
227 1
228 0
229 0
230 0
231 1
232 0
233 0
234 0
235 1
236 0
237 1
238 1
239 0
240 1
241 0
242 0
243 1
244 0
245 1
246 0
247 0
248 1
249 1
250 1
251 1
252 1
253 1
254 0
255 0
256 0
257 1
258 0
259 1
260 0
261 0
262 1
263 1
264 1
265 0
266 0
267 1
268 0
269 0
270 0
271 1
272 1
273 1
274 0
275 1
276 0
277 1
278 0
279 0
280 1
281 0
282 0
283 1
284 0
285 0
286 0
287 1
288 0
289 1
290 0
291 0
292 0
293 0
294 1
295 0
296 1
297 1
298 1
299 1
300 1
301 1
302 0
303 0
304 1
305 0
306 0
307 0
308 0
309 1
310 0
311 1
312 0
313 0
314 0
315 0
316 1
317 0
318 1
319 1
320 1
321 0
322 1
323 1
324 0
325 1
326 0
327 1
328 0
329 0
330 0
331 0
332 1
333 0
334 1
335 1
336 1
337 0
338 0
339 1
340 1
341 0
342 0
343 0
344 0
345 0
346 1
347 0
348 1
349 0
350 0
351 0
352 1
353 1
354 0
355 0
356 1
357 1
358 0
359 0
360 0
361 0
362 0
363 1
364 1
365 0
366 0
367 1
368 1
369 0
370 1
371 0
372 1
373 0
374 0
375 0
376 0
377 0
378 0
379 0
380 0
381 1
382 1
383 1
384 0
385 1
386 0
387 1
388 1
389 0
390 1
391 1
392 1
393 0
394 1
395 0
396 1
397 1
398 1
399 1
400 0
401 0
402 1
403 1
404 1
405 1
406 0
407 1
408 1
409 1
410 1
411 0
412 0
413 1
414 1
415 0
416 1
417 1
418 1
419 1
420 1
421 1
422 0
423 0
424 1
425 0
426 1
427 0
428 1
429 1
430 1
431 1
432 0
433 0
434 1
435 0
436 1
437 0
438 0
439 1
440 1
441 0
442 0
443 0
444 0
445 0
446 0
447 1
448 0
449 1
450 1
451 0
452 0
453 1
454 1
455 0
456 1
457 0
458 0
459 1
460 0
461 1
462 0
463 1
464 0
465 1
466 1
467 0
468 0
469 1
470 1
471 0
472 0
473 0
474 1
475 1
476 0
477 0
478 1
479 1
480 0
481 1
482 1
483 1
484 1
485 0
486 1
487 1
488 1
489 1
490 0
491 1
492 0
493 0
494 0
495 1
496 0
497 0
498 1
499 1
500 0
501 0
502 0
503 1
504 0
505 0
506 0
507 0
508 1
509 1
510 0
511 1
512 0
513 0
514 1
515 1
516 1
517 1
518 1
519 1
520 1
521 0
522 1
523 1
524 0
525 0
526 0
527 0
528 1
529 1
530 0
531 1
532 1
533 0
534 0
535 1
536 0
537 0
538 1
539 0
540 1
541 1
542 0
543 0
544 1
545 0
546 0
547 0
548 0
549 1
550 1
551 1
552 0
553 1
554 1
555 0
556 1
557 0
558 1
559 1
560 0
561 1
562 1
563 1
564 0
565 0
566 0
567 0
568 0
569 0
570 1
571 0
572 1
573 0
574 1
575 0
576 0
577 0
578 0
579 1
580 1
581 0
582 1
583 1
584 0
585 1
586 0
587 0
588 0
589 1
590 0
591 0
592 0
593 0
594 0
595 0
596 1
597 0
598 0
599 0
600 1
601 0
602 0
603 1
604 0
605 0
606 0
607 0
608 0
609 1
610 1
611 0
612 0
613 0
614 1
615 1
616 0
617 0
618 1
619 1
620 1
621 0
622 0
623 0
624 0
625 1
626 0
627 0
628 0
629 0
630 0
631 1
632 1
633 1
634 0
635 1
636 1
637 0
638 0
639 0
640 0
641 0
642 1
643 0
644 0
645 0
646 0
647 1
648 0
649 0
650 1
651 0
652 1
653 1
654 0
655 1
656 0
657 1
658 0
659 1
660 0
661 1
662 1
663 1
664 0
665 1
666 0
667 0
668 1
669 1
670 0
671 0
672 0
673 1
674 0
675 1
676 0
677 0
678 0
679 0
680 1
681 1
682 0
683 1
684 0
685 0
686 1
687 0
688 1
689 0
690 0
691 0
692 1
693 0
694 0
695 1
696 0
697 0
698 1
699 0
700 0
701 1
702 1
703 1
704 1
705 1
706 1
707 0
708 1
709 1
710 1
711 1
712 0
713 1
714 1
715 1
716 0
717 0
718 0
719 0
720 0
721 0
722 1
723 0
724 0
725 0
726 1
727 0
728 1
729 0
730 1
731 1
732 0
733 0
734 1
735 0
736 0
737 0
738 0
739 1
740 0
741 0
742 0
743 0
744 1
745 1
746 1
747 1
748 1
749 1
750 1
751 1
752 0
753 1
754 0
755 0
756 1
757 1
758 1
759 0
760 0
761 0
762 0
763 0
764 0
765 0
766 0
767 1
768 1
769 0
770 0
771 1
772 1
773 0
774 1
775 0
776 0
777 1
778 0
779 0
780 1
781 1
782 0
783 1
784 0
785 1
786 1
787 1
788 0
789 1
790 1
791 1
792 0
793 0
794 1
795 0
796 1
797 0
798 0
799 0
800 1
801 0
802 1
803 0
804 1
805 1
806 1
807 1
808 0
809 1
810 1
811 0
812 1
813 0
814 1
815 0
816 0
817 0
818 1
819 0
820 1
821 1
822 1
823 0
824 0
825 1
826 1
827 0
828 1
829 0
830 0
831 0
832 1
833 0
834 0
835 0
836 0
837 1
838 0
839 0
840 1
841 0
842 1
843 0
844 0
845 0
846 1
847 0
848 0
849 1
850 1
851 1
852 1
853 1
854 1
855 0
856 0
857 1
858 1
859 1
860 0
861 0
862 0
863 0
864 0
865 0
866 0
867 0
868 0
869 0
870 1
871 1
872 0
873 1
874 0
875 0
876 0
877 1
878 0
879 1
880 0
881 1
882 0
883 1
884 1
885 0
886 0
887 1
888 0
889 1
890 0
891 1
892 0
893 1
894 0
895 1
896 1
897 1
898 1
899 1
900 0
901 1
902 0
903 1
904 1
905 1
906 0
907 0
908 0
909 0
910 1
911 0
912 1
913 0
914 0
915 1
916 0
917 1
918 0
919 0
920 0
921 1
922 0
923 0
924 1
925 1
926 0
927 0
928 1
929 1
930 1
931 0
932 0
933 0
934 0
935 1
936 0
937 1
938 1
939 0
940 0
941 1
942 0
943 0
944 1
945 1
946 1
947 0
948 1
949 0
950 1
951 1
952 1
953 1
954 1
955 0
956 1
957 0
958 1
959 1
960 1
961 0
962 0
963 1
964 0
965 1
966 0
967 1
968 1
969 0
970 1
971 1
972 0
973 0
974 0
975 1
976 0
977 1
978 1
979 0
980 0
981 0
982 0
983 1
984 1
985 0
986 1
987 1
988 0
989 0
990 1
991 1
992 1
993 1
994 1
995 0
996 1
997 1
998 1
999 1
1000 0
1001 1
1002 0
1003 0
1004 1
1005 1
1006 0
1007 0
1008 0
1009 0
1010 0
1011 1
1012 0
1013 1
1014 1
1015 0
1016 0
1017 0
1018 0
1019 0
1020 0
1021 1
1022 1
1023 0
1024 0
1025 1
1026 0
1027 0
1028 1
1029 1
1030 0
1031 1
1032 0
1033 1
1034 1
1035 1
1036 0
1037 0
1038 1
1039 1
1040 0
1041 0
1042 1
1043 0
1044 0
1045 0
1046 0
1047 1
1048 0
1049 0
1050 1
1051 0
1052 0
1053 0
1054 0
1055 1
1056 0
1057 0
1058 0
1059 1
1060 0
1061 1
1062 0
1063 1
1064 0
1065 1
1066 1
1067 1
1068 0
1069 0
1070 1
1071 1
1072 0
1073 0
1074 1
1075 0
1076 0
1077 0
1078 0
1079 0
1080 0
1081 1
1082 0
1083 0
1084 1
1085 0
1086 1
1087 1
1088 1
1089 0
1090 1
1091 1
1092 1
1093 0
1094 0
1095 0
1096 1
1097 1
1098 1
1099 0
1100 0
1101 0
1102 0
1103 1
1104 1
1105 1
1106 1
1107 1
1108 0
1109 0
1110 1
1111 1
1112 1
1113 1
1114 0
1115 1
1116 0
1117 1
1118 1
1119 1
1120 0
1121 1
1122 0
1123 0
1124 0
1125 0
1126 1
1127 1
1128 1
1129 0
1130 1
1131 1
1132 0
1133 1
1134 1
1135 1
1136 1
1137 0
1138 1
1139 0
1140 0
1141 1
1142 0
1143 0
1144 1
1145 0
1146 0
1147 0
1148 0
1149 0
1150 0
1151 1
1152 1
1153 1
1154 0
1155 1
1156 1
1157 0
1158 0
1159 1
1160 1
1161 0
1162 1
1163 0
1164 0
1165 0
1166 1
1167 0
1168 0
1169 0
1170 0
1171 0
1172 0
1173 1
1174 0
1175 0
1176 0
1177 1
1178 1
1179 1
1180 0
1181 0
1182 1
1183 0
1184 1
1185 1
1186 0
1187 1
1188 0
1189 0
1190 1
1191 0
1192 1
1193 0
1194 1
1195 0
1196 0
1197 1
1198 0
1199 0
1200 0
1201 0
1202 0
1203 0
1204 1
1205 1
1206 1
1207 0
1208 1
1209 0
1210 1
1211 1
1212 0
1213 0
1214 1
1215 1
1216 1
1217 0
1218 0
1219 1
1220 0
1221 0
1222 0
1223 0
1224 1
1225 0
1226 1
1227 0
1228 1
1229 0
1230 1
1231 1
1232 0
1233 1
1234 1
1235 0
1236 0
1237 1
1238 1
1239 1
1240 1
1241 0
1242 0
1243 0
1244 0
1245 1
1246 1
1247 0
1248 0
1249 0
1250 0
1251 1
1252 1
1253 1
1254 0
1255 0
1256 1
1257 0
1258 1
1259 1
1260 1
1261 0
1262 1
1263 1
1264 0
1265 0
1266 0
1267 0
1268 1
1269 1
1270 1
1271 0
1272 0
1273 0
1274 1
1275 1
1276 1
1277 1
1278 0
1279 0
1280 1
1281 1
1282 1
1283 0
1284 0
1285 1
1286 1
1287 1
1288 0
1289 0
1290 0
1291 0
1292 0
1293 0
1294 0
1295 1
1296 0
1297 1
1298 1
1299 1
1300 0
1301 1
1302 0
1303 1
1304 1
1305 0
1306 1
1307 0
1308 0
1309 1
1310 0
1311 1
1312 0
1313 0
1314 1
1315 0
1316 1
1317 0
1318 1
1319 1
1320 0
1321 0
1322 1
1323 1
1324 1
1325 1
1326 0
1327 1
1328 1
1329 0
1330 0
1331 1
1332 1
1333 1
1334 1
1335 0
1336 0
1337 1
1338 0
1339 1
1340 0
1341 0
1342 0
1343 0
1344 1
1345 0
1346 0
1347 0
1348 0
1349 1
1350 0
1351 0
1352 0
1353 0
1354 1
1355 0
1356 0
1357 1
1358 0
1359 0
1360 0
1361 1
1362 1
1363 1
1364 1
1365 1
1366 1
1367 0
1368 0
1369 1
1370 0
1371 1
1372 0
1373 0
1374 1
1375 1
1376 0
1377 0
1378 0
1379 0
1380 0
1381 1
1382 0
1383 0
1384 1
1385 0
1386 0
1387 0
1388 0
1389 0
1390 1
1391 1
1392 0
1393 0
1394 1
1395 0
1396 0
1397 0
1398 0
1399 0
1400 0
1401 1
1402 1
1403 0
1404 0
1405 0
1406 1
1407 1
1408 1
1409 1
1410 1
1411 0
1412 1
1413 0
1414 1
1415 0
1416 0
1417 0
1418 1
1419 1
1420 0
1421 1
1422 1
1423 1
1424 0
1425 1
1426 0
1427 1
1428 0
1429 1
1430 1
1431 0
1432 0
1433 0
1434 1
1435 1
1436 0
1437 1
1438 1
1439 1
1440 0
1441 0
1442 0
1443 0
1444 0
1445 1
1446 1
1447 0
1448 0
1449 1
1450 1
1451 0
1452 0
1453 0
1454 1
1455 1
1456 0
1457 0
1458 0
1459 0
1460 1
1461 1
1462 1
1463 0
1464 1
1465 1
1466 1
1467 1
1468 1
1469 0
1470 1
1471 1
1472 0
1473 1
1474 0
1475 1
1476 1
1477 0
1478 1
1479 1
1480 1
1481 1
1482 0
1483 1
1484 0
1485 0
1486 0
1487 0
1488 0
1489 0
1490 1
1491 1
1492 0
1493 0
1494 0
1495 1
1496 0
1497 0
1498 1
1499 1
1500 1
1501 0
1502 0
1503 0
1504 1
1505 1
1506 0
1507 1
1508 1
1509 0
1510 0
1511 0
1512 1
1513 1
1514 0
1515 1
1516 1
1517 0
1518 0
1519 0
1520 0
1521 1
1522 0
1523 0
1524 0
1525 0
1526 0
1527 0
1528 1
1529 1
1530 1
1531 0
1532 0
1533 1
1534 0
1535 1
1536 0
1537 1
1538 1
1539 0
1540 1
1541 0
1542 1
1543 1
1544 0
1545 1
1546 0
1547 1
1548 0
1549 0
1550 0
1551 0
1552 1
1553 1
1554 1
1555 0
1556 0
1557 1
1558 1
1559 1
1560 1
1561 1
1562 0
1563 0
1564 1
1565 1
1566 1
1567 1
1568 1
1569 1
1570 0
1571 0
1572 1
1573 0
1574 1
1575 1
1576 0
1577 1
1578 1
1579 1
1580 1
1581 1
1582 0
1583 0
1584 1
1585 1
1586 1
1587 1
1588 1
1589 0
1590 1
1591 0
1592 0
1593 0
1594 0
1595 1
1596 1
1597 0
1598 1
1599 1
1600 1
1601 1
1602 1
1603 1
1604 1
1605 1
1606 1
1607 0
1608 1
1609 1
1610 0
1611 1
1612 0
1613 0
1614 1
1615 0
1616 0
1617 0
1618 0
1619 0
1620 1
1621 0
1622 0
1623 1
1624 0
1625 1
1626 0
1627 0
1628 0
1629 1
1630 0
1631 1
1632 0
1633 0
1634 1
1635 1
1636 0
1637 1
1638 0
1639 0
1640 0
1641 1
1642 0
1643 1
1644 1
1645 1
1646 0
1647 0
1648 0
1649 0
1650 0
1651 0
1652 1
1653 0
1654 1
1655 0
1656 1
1657 1
1658 1
1659 0
1660 1
1661 1
1662 0
1663 1
1664 0
1665 0
1666 0
1667 1
1668 0
1669 1
1670 1
1671 0
1672 1
1673 1
1674 0
1675 1
1676 1
1677 1
1678 0
1679 0
1680 1
1681 1
1682 1
1683 1
1684 1
1685 0
1686 1
1687 1
1688 0
1689 1
1690 0
1691 1
1692 0
1693 0
1694 0
1695 1
1696 1
1697 0
1698 0
1699 1
1700 1
1701 0
1702 1
1703 1
1704 0
1705 1
1706 0
1707 0
1708 1
1709 1
1710 0
1711 1
1712 1
1713 0
1714 1
1715 1
1716 1
1717 0
1718 1
1719 0
1720 0
1721 1
1722 0
1723 1
1724 0
1725 1
1726 1
1727 1
1728 1
1729 0
1730 0
1731 1
1732 1
1733 1
1734 0
1735 0
1736 1
1737 0
1738 1
1739 1
1740 1
1741 0
1742 1
1743 1
1744 1
1745 0
1746 0
1747 0
1748 1
1749 1
1750 0
1751 0
1752 0
1753 0
1754 1
1755 1
1756 1
1757 0
1758 0
1759 0
1760 1
1761 1
1762 1
1763 1
1764 1
1765 1
1766 1
1767 0
1768 0
1769 1
1770 0
1771 1
1772 1
1773 0
1774 1
1775 0
1776 0
1777 1
1778 0
1779 1
1780 1
1781 0
1782 0
1783 0
1784 1
1785 0
1786 0
1787 1
1788 0
1789 0
1790 0
1791 0
1792 0
1793 0
1794 1
1795 1
1796 1
1797 0
1798 0
1799 1
1800 1
1801 1
1802 0
1803 0
1804 0
1805 1
1806 1
1807 0
1808 1
1809 1
1810 0
1811 0
1812 1
1813 1
1814 1
1815 1
1816 1
1817 1
1818 0
1819 0
1820 0
1821 0
1822 1
1823 1
1824 0
1825 0
1826 1
1827 0
1828 1
1829 1
1830 0
1831 0
1832 0
1833 0
1834 1
1835 0
1836 1
1837 0
1838 0
1839 1
1840 1
1841 0
1842 0
1843 0
1844 1
1845 0
1846 1
1847 0
1848 0
1849 0
1850 0
1851 1
1852 0
1853 0
1854 1
1855 1
1856 1
1857 1
1858 1
1859 0
1860 0
1861 1
1862 1
1863 1
1864 0
1865 1
1866 1
1867 0
1868 1
1869 0
1870 0
1871 0
1872 1
1873 1
1874 0
1875 0
1876 1
1877 0
1878 0
1879 0
1880 0
1881 1
1882 1
1883 0
1884 1
1885 1
1886 0
1887 1
1888 1
1889 1
1890 1
1891 0
1892 1
1893 0
1894 1
1895 1
1896 1
1897 1
1898 0
1899 1
1900 0
1901 0
1902 1
1903 0
1904 1
1905 0
1906 1
1907 0
1908 1
1909 0
1910 1
1911 1
1912 1
1913 0
1914 1
1915 0
1916 0
1917 1
1918 1
1919 0
1920 1
1921 0
1922 0
1923 0
1924 1
1925 1
1926 1
1927 1
1928 1
1929 1
1930 0
1931 0
1932 0
1933 1
1934 0
1935 1
1936 1
1937 1
1938 1
1939 1
1940 1
1941 0
1942 1
1943 1
1944 0
1945 0
1946 0
1947 1
1948 0
1949 0
1950 1
1951 1
1952 1
1953 1
1954 0
1955 0
1956 1
1957 1
1958 1
1959 0
1960 1
1961 1
1962 1
1963 1
1964 1
1965 0
1966 0
1967 1
1968 1
1969 1
1970 1
1971 1
1972 1
1973 1
1974 0
1975 1
1976 1
1977 1
1978 0
1979 0
1980 1
1981 1
1982 0
1983 0
1984 1
1985 1
1986 1
1987 0
1988 1
1989 0
1990 1
1991 1
1992 0
1993 0
1994 0
1995 1
1996 1
1997 0
1998 0
1999 1
